  20139026        ctdl & giai thuat                      12    3   13 1.00 9.00 9.00    9.50
  20139095        ctdl & giai thuat                      12    3   13 1.01 0.00 0.00   10.00
  20139059        ctdl & giai thuat                      12    3   13 0.00 9.00 7.00    7.50
  20139061        ctdl & giai thuat                      12    3   13 1.00 8.00 7.00    8.00
  20139062        ctdl & giai thuat                      12    3   13 2.00 8.00 9.00    9.50
  20139037        ctdl & giai thuat                      12    3   13 2.00 8.00 0.00   10.00
  20139001        ctdl & giai thuat                      12    3   13 1.00 9.00 9.00    9.50
  20139066        ctdl & giai thuat                      12    3   13 1.01 0.00 0.00   10.00
  20139063        ctdl & giai thuat                      12    3   13 0.00 8.00 8.00    8.50
  20139064        ctdl & giai thuat                      12    3   13 1.00 8.00 9.00    9.00
  20139066        ctdl & giai thuat                      12    3   13 2.00 8.00 9.00    9.50
  20139072        ctdl & giai thuat                      12    3   13 2.00 7.00 0.00   10.00
  20139009        ctdl & giai thuat                      12    3   13 1.00 6.00 9.00    9.50
  20139034        ctdl & giai thuat                      12    3   13 1.01 0.00 0.00   10.00
  20139026        hoa dai cuong                          14    3   15 1.00 9.00 9.00    9.50
  20139095        hoa dai cuong                          14    3   15 1.01 0.00 0.00   10.00
  20139059        hoa dai cuong                          14    3   15 0.00 9.00 8.00    8.50
  20139061        hoa dai cuong                          14    3   15 1.00 8.00 9.00    9.00
  20139062        hoa dai cuong                          14    3   15 2.00 8.00 9.00    9.50
  20139037        hoa dai cuong                          14    3   15 2.00 8.00 0.00   10.00
  20139001        hoa dai cuong                          14    3   15 1.00 5.00 9.00    9.50
  20139066        hoa dai cuong                          14    3   15 1.01 0.00 0.00   10.00
  20139063        hoa dai cuong                          14    3   15 0.00 9.00 8.00    8.50
  20139064        hoa dai cuong                          14    3   15 1.00 8.00 9.00    9.00
  20139066        hoa dai cuong                          14    3   15 2.00 8.00 9.00    9.50
  20139072        hoa dai cuong                          14    3   15 2.00 8.00 0.00   10.00
  20139009        hoa dai cuong                          14    3   15 1.00 9.00 9.00    9.50
  20139034        hoa dai cuong                          14    3   15 1.01 0.00 0.00   10.00
  20139026        toan cao cap                           15    3   16 1.00 9.00 9.00    9.50
  20139095        toan cao cap                           15    3   16 1.01 0.00 0.00   10.00
  20139059        toan cao cap                           15    3   16 0.00 9.00 8.00    8.50
  20139061        toan cao cap                           15    3   16 1.00 8.00 9.00    9.00
  20139062        toan cao cap                           15    3   16 2.00 8.00 9.00    9.50
  20139037        toan cao cap                           15    3   16 2.00 8.00 0.00   10.00
  20139001        toan cao cap                           15    3   16 1.00 9.00 9.00    9.50
  20139066        toan cao cap                           15    3   16 1.01 0.00 0.00   10.00
  20139063        toan cao cap                           15    3   16 0.00 8.00 8.00    8.50
  20139064        toan cao cap                           15    3   16 1.00 8.00 9.00    9.00
  20139066        toan cao cap                           15    3   16 2.00 8.00 9.00    9.50
  20139072        toan cao cap                           15    3   16 2.00 7.00 0.00   10.00
  20139009        toan cao cap                           15    3   16 1.00 6.00 9.00    9.50
  20139034        toan cao cap                           15    3   16 1.01 0.00 0.00   10.00
  20139095        Lich Su Dang                           18    2   19 2.00 9.00 9.00   10.00
